,numberOfCars,time,dayNight,Price
0,1,6,0,7.11
1,1,12,0,7.96
2,1,12,1,8.13
3,1,6,1,8.79
4,2,3,0,7.09
5,2,9,0,8.77
6,2,9,1,8.39
7,2,3,1,7.59
8,3,6,0,7.68
9,3,12,0,8.43
10,3,12,1,8.89
11,3,6,1,9.42
12,4,3,0,7.87
13,4,9,0,9.36
14,4,9,1,8.62
15,4,3,1,8.35
16,5,6,0,8.4
17,5,12,0,8.83
18,5,12,1,9.0
19,5,6,1,9.62
20,6,3,0,8.01
21,6,9,0,9.84
22,6,9,1,9.13
23,6,3,1,8.96
24,7,6,0,8.37
25,7,12,0,8.84
26,7,12,1,9.18
27,7,6,1,9.64
28,8,3,0,8.31
29,8,9,0,9.88
30,8,9,1,9.16
31,8,3,1,8.96
32,9,6,0,8.08
33,9,12,0,8.58
34,9,12,1,9.25
35,9,6,1,9.84
36,10,3,0,8.43
37,10,9,0,9.97
38,10,9,1,9.39
39,10,3,1,8.53
40,11,6,0,8.21
41,11,12,0,8.69
42,11,12,1,9.1
43,11,6,1,9.93
44,12,3,0,8.41
45,12,9,0,9.54
46,12,9,1,9.47
47,12,3,1,8.51
48,13,6,0,8.17
49,13,12,0,8.57
50,13,12,1,9.42
51,13,6,1,9.83
52,14,3,0,8.03
53,14,9,0,9.72
54,14,9,1,9.17
55,14,3,1,8.53
56,15,6,0,8.41
57,15,12,0,8.76
58,15,12,1,9.07
59,15,6,1,9.64
60,16,3,0,8.44
61,16,9,0,9.61
62,16,9,1,9.34
63,16,3,1,8.69
64,17,6,0,8.18
65,17,12,0,8.64
66,17,12,1,9.21
67,17,6,1,9.93
68,18,3,0,8.14
69,18,9,0,9.61
70,18,9,1,9.22
71,18,3,1,8.51
72,19,6,0,8.45
73,19,12,0,8.98
74,19,12,1,9.14
75,19,6,1,9.99
76,20,3,0,8.38
77,20,9,0,9.83
78,20,9,1,9.18
79,20,3,1,8.51
